[1516915928553] 3611.711376553378

[1516915951661] 2515.0303333210177

[1516915960275] 1568.8681897444203

[1516915964293] 7098.330508846746

[1516915966798] 1156.5756041893553

[1516958931733] 1716.8721135801125

[1516958985528] 892.8448795934008

[1516958988297] 1106.8202484411697

[1516959380377] 683.4123046803667

[1516959547998] 11459.213990874787

[1516959607297] 646.3732445008612

[1516959610339] 1427.6483765074133

[1516959611391] 829.414782254487

[1516960041502] 2419.9746403643053

[1516960092576] 14609.190484318102

[1516961825049] 2905.45824564959

[1517255707362] 657.1821275913003

[1517255774813] 1440.2540958766951


[1517255893521] 628.8438698527184

[1517255902667] 640.8259650924389

[1517266524769] 2713.245540799025

[1517266571334] 4310.140448562073

[1517267708804] 922.8751663988397

[1517267763276] 3701.8372950975086

[1517267911949] 1040.062213912496

